# transform file /home/brunovieira/Tamires_Experiments/Bases_de_Dados/nki_data/A00073705/mri/transforms/cc_up.lta
# created by brunovieira on Sun Feb 20 01:49:40 2022

type      = 0 # LINEAR_VOX_TO_VOX
nxforms   = 1
mean      = 131.0000 102.0000 117.0000
sigma     = 10000.0000
1 4 4
9.994708299636841e-01 -1.485969033092260e-02 2.894016541540623e-02 -3.749850034713745e+00 
1.485346537083387e-02 9.998897314071655e-01 4.300893342588097e-04 4.003253173828125e+01 
-2.894336171448231e-02 0.000000000000000e+00 9.995812177658081e-01 2.480746650695801e+01 
0.000000000000000e+00 0.000000000000000e+00 0.000000000000000e+00 1.000000000000000e+00 
src volume info
valid = 1  # volume info valid
filename = /home/brunovieira/Tamires_Experiments/Bases_de_Dados/nki_data/A00073705/mri/norm.mgz
volume = 256 256 256
voxelsize = 1.000000000000000e+00 1.000000000000000e+00 1.000000000000000e+00
xras   = -1.000000119209290e+00 0.000000000000000e+00 0.000000000000000e+00
yras   = 0.000000000000000e+00 0.000000000000000e+00 -1.000000000000000e+00
zras   = 0.000000000000000e+00 1.000000000000000e+00 0.000000000000000e+00
cras   = 4.912719726562500e-01 2.499998474121094e+01 -1.500000000000000e+01
dst volume info
valid = 1  # volume info valid
filename = /home/brunovieira/Tamires_Experiments/Bases_de_Dados/nki_data/A00073705/mri/norm.mgz
volume = 256 256 256
voxelsize = 1.000000000000000e+00 1.000000000000000e+00 1.000000000000000e+00
xras   = -1.000000119209290e+00 0.000000000000000e+00 0.000000000000000e+00
yras   = 0.000000000000000e+00 0.000000000000000e+00 -1.000000000000000e+00
zras   = 0.000000000000000e+00 1.000000000000000e+00 0.000000000000000e+00
cras   = 4.912719726562500e-01 2.499998474121094e+01 -1.500000000000000e+01
