# transform file /home/brunovieira/Tamires_Experiments/Bases_de_Dados/nki_data/A00073953/mri/transforms/cc_up.lta
# created by brunovieira on Sun Feb 20 02:20:20 2022

type      = 0 # LINEAR_VOX_TO_VOX
nxforms   = 1
mean      = 133.0000 105.0000 110.0000
sigma     = 10000.0000
1 4 4
9.956097006797791e-01 -5.396213009953499e-02 7.648161798715591e-02 -5.540209293365479e+00 
5.380361154675484e-02 9.985429644584656e-01 4.133133217692375e-03 3.666080856323242e+01 
-7.659321278333664e-02 0.000000000000000e+00 9.970623850822449e-01 3.832747650146484e+01 
0.000000000000000e+00 0.000000000000000e+00 0.000000000000000e+00 1.000000000000000e+00 
src volume info
valid = 1  # volume info valid
filename = /home/brunovieira/Tamires_Experiments/Bases_de_Dados/nki_data/A00073953/mri/norm.mgz
volume = 256 256 256
voxelsize = 1.000000000000000e+00 1.000000000000000e+00 1.000000000000000e+00
xras   = -1.000000119209290e+00 0.000000000000000e+00 0.000000000000000e+00
yras   = 0.000000000000000e+00 0.000000000000000e+00 -1.000000000000000e+00
zras   = 0.000000000000000e+00 1.000000000000000e+00 0.000000000000000e+00
cras   = 6.069976806640625e+00 2.499998474121094e+01 -1.859565734863281e+00
dst volume info
valid = 1  # volume info valid
filename = /home/brunovieira/Tamires_Experiments/Bases_de_Dados/nki_data/A00073953/mri/norm.mgz
volume = 256 256 256
voxelsize = 1.000000000000000e+00 1.000000000000000e+00 1.000000000000000e+00
xras   = -1.000000119209290e+00 0.000000000000000e+00 0.000000000000000e+00
yras   = 0.000000000000000e+00 0.000000000000000e+00 -1.000000000000000e+00
zras   = 0.000000000000000e+00 1.000000000000000e+00 0.000000000000000e+00
cras   = 6.069976806640625e+00 2.499998474121094e+01 -1.859565734863281e+00
