# transform file transforms/talairach.lta
# created by brunovieira on Sat Feb 19 22:32:01 2022

type      = 0 # LINEAR_VOX_TO_VOX
nxforms   = 1
mean      = 133.0000 105.0000 110.0000
sigma     = 10000.0000
1 4 4
1.053943514823914e+00 -9.651090204715729e-02 5.304947867989540e-02 -7.309837341308594e+00 
6.139301881194115e-02 1.124909758567810e+00 2.116786241531372e-01 -2.414500045776367e+01 
-6.301905959844589e-02 -1.633789241313934e-01 1.008632659912109e+00 2.552989387512207e+01 
0.000000000000000e+00 0.000000000000000e+00 0.000000000000000e+00 1.000000000000000e+00 
src volume info
valid = 1  # volume info valid
filename = nu.mgz
volume = 256 256 256
voxelsize = 1.000000000000000e+00 1.000000000000000e+00 1.000000000000000e+00
xras   = -1.000000119209290e+00 0.000000000000000e+00 0.000000000000000e+00
yras   = 0.000000000000000e+00 0.000000000000000e+00 -1.000000000000000e+00
zras   = 0.000000000000000e+00 1.000000000000000e+00 0.000000000000000e+00
cras   = 6.069976806640625e+00 2.499998474121094e+01 -1.859565734863281e+00
dst volume info
valid = 1  # volume info valid
filename = /home/brunovieira/freesurfer/average/RB_all_2016-05-10.vc700.gca
volume = 256 256 256
voxelsize = 1.000000000000000e+00 1.000000000000000e+00 1.000000000000000e+00
xras   = -1.000000000000000e+00 0.000000000000000e+00 0.000000000000000e+00
yras   = 0.000000000000000e+00 0.000000000000000e+00 -1.000000000000000e+00
zras   = 0.000000000000000e+00 1.000000000000000e+00 0.000000000000000e+00
cras   = 0.000000000000000e+00 0.000000000000000e+00 0.000000000000000e+00
