# transform file transforms/talairach_with_skull.lta
# created by brunovieira on Sat Feb 19 19:47:25 2022

type      = 0 # LINEAR_VOX_TO_VOX
nxforms   = 1
mean      = 129.0000 135.0000 107.0000
sigma     = 10000.0000
1 4 4
1.048337101936340e+00 -3.105800785124302e-02 -6.516896188259125e-02 1.523326754570007e+00 
4.660592228174210e-02 1.248596310615540e+00 3.126059174537659e-01 -3.703886413574219e+01 
5.965731665492058e-02 -3.159361183643341e-01 1.188865184783936e+00 1.009880828857422e+01 
0.000000000000000e+00 0.000000000000000e+00 0.000000000000000e+00 1.000000000000000e+00 
src volume info
valid = 1  # volume info valid
filename = nu.mgz
volume = 256 256 256
voxelsize = 1.000000000000000e+00 1.000000000000000e+00 1.000000000000000e+00
xras   = -1.000000119209290e+00 0.000000000000000e+00 0.000000000000000e+00
yras   = 0.000000000000000e+00 0.000000000000000e+00 -1.000000000000000e+00
zras   = 0.000000000000000e+00 1.000000000000000e+00 0.000000000000000e+00
cras   = 2.970687866210938e+00 2.499998474121094e+01 -5.578689575195312e+00
dst volume info
valid = 1  # volume info valid
filename = /home/brunovieira/freesurfer/average/RB_all_withskull_2016-05-10.vc700.gca
volume = 256 256 256
voxelsize = 1.000000000000000e+00 1.000000000000000e+00 1.000000000000000e+00
xras   = -1.000000000000000e+00 0.000000000000000e+00 0.000000000000000e+00
yras   = 0.000000000000000e+00 0.000000000000000e+00 -1.000000000000000e+00
zras   = 0.000000000000000e+00 1.000000000000000e+00 0.000000000000000e+00
cras   = 0.000000000000000e+00 0.000000000000000e+00 0.000000000000000e+00
