# transform file /home/brunovieira/Tamires_Experiments/Bases_de_Dados/nki_data/A00072203/mri/transforms/cc_up.lta
# created by brunovieira on Sat Feb 19 22:56:12 2022

type      = 0 # LINEAR_VOX_TO_VOX
nxforms   = 1
mean      = 127.0000 103.0000 114.0000
sigma     = 10000.0000
1 4 4
9.995388388633728e-01 -7.444126531481743e-03 -2.943951077759266e-02 5.041135311126709e+00 
7.440899498760700e-03 9.999722838401794e-01 -2.191575040342286e-04 4.208229064941406e+01 
2.944032661616802e-02 0.000000000000000e+00 9.995664954185486e-01 2.931854629516602e+01 
0.000000000000000e+00 0.000000000000000e+00 0.000000000000000e+00 1.000000000000000e+00 
src volume info
valid = 1  # volume info valid
filename = /home/brunovieira/Tamires_Experiments/Bases_de_Dados/nki_data/A00072203/mri/norm.mgz
volume = 256 256 256
voxelsize = 1.000000000000000e+00 1.000000000000000e+00 1.000000000000000e+00
xras   = -1.000000000000000e+00 0.000000000000000e+00 0.000000000000000e+00
yras   = 0.000000000000000e+00 0.000000000000000e+00 -1.000000000000000e+00
zras   = 0.000000000000000e+00 1.000000000000000e+00 0.000000000000000e+00
cras   = -2.208320617675781e+00 2.966503906250000e+01 -8.501998901367188e+00
dst volume info
valid = 1  # volume info valid
filename = /home/brunovieira/Tamires_Experiments/Bases_de_Dados/nki_data/A00072203/mri/norm.mgz
volume = 256 256 256
voxelsize = 1.000000000000000e+00 1.000000000000000e+00 1.000000000000000e+00
xras   = -1.000000000000000e+00 0.000000000000000e+00 0.000000000000000e+00
yras   = 0.000000000000000e+00 0.000000000000000e+00 -1.000000000000000e+00
zras   = 0.000000000000000e+00 1.000000000000000e+00 0.000000000000000e+00
cras   = -2.208320617675781e+00 2.966503906250000e+01 -8.501998901367188e+00
