# transform file transforms/talairach.lta
# created by brunovieira on Sat Feb 19 19:28:31 2022

type      = 0 # LINEAR_VOX_TO_VOX
nxforms   = 1
mean      = 127.0000 103.0000 113.0000
sigma     = 10000.0000
1 4 4
1.001169562339783e+00 6.198202609084547e-04 -2.156774513423443e-03 -5.091463327407837e-01 
-3.425464819883928e-05 1.179613828659058e+00 2.404789477586746e-01 -2.060525131225586e+01 
2.114608651027083e-03 -2.664602696895599e-01 9.987357258796692e-01 2.490556144714355e+01 
0.000000000000000e+00 0.000000000000000e+00 0.000000000000000e+00 1.000000000000000e+00 
src volume info
valid = 1  # volume info valid
filename = nu.mgz
volume = 256 256 256
voxelsize = 1.000000000000000e+00 1.000000000000000e+00 1.000000000000000e+00
xras   = -1.000000000000000e+00 0.000000000000000e+00 0.000000000000000e+00
yras   = 0.000000000000000e+00 0.000000000000000e+00 -1.000000000000000e+00
zras   = 0.000000000000000e+00 1.000000000000000e+00 0.000000000000000e+00
cras   = -2.208320617675781e+00 2.966503906250000e+01 -8.501998901367188e+00
dst volume info
valid = 1  # volume info valid
filename = /home/brunovieira/freesurfer/average/RB_all_2016-05-10.vc700.gca
volume = 256 256 256
voxelsize = 1.000000000000000e+00 1.000000000000000e+00 1.000000000000000e+00
xras   = -1.000000000000000e+00 0.000000000000000e+00 0.000000000000000e+00
yras   = 0.000000000000000e+00 0.000000000000000e+00 -1.000000000000000e+00
zras   = 0.000000000000000e+00 1.000000000000000e+00 0.000000000000000e+00
cras   = 0.000000000000000e+00 0.000000000000000e+00 0.000000000000000e+00
