# transform file /home/brunovieira/Tamires_Experiments/Bases_de_Dados/nki_data/A00073600/mri/transforms/cc_up.lta
# created by brunovieira on Sun Feb 20 00:13:19 2022

type      = 0 # LINEAR_VOX_TO_VOX
nxforms   = 1
mean      = 130.0000 100.0000 113.0000
sigma     = 10000.0000
1 4 4
9.993579983711243e-01 -3.392214700579643e-02 -1.152889057993889e-02 3.961032390594482e+00 
3.391988947987556e-02 9.994245171546936e-01 -3.913099353667349e-04 4.474441528320312e+01 
1.153552904725075e-02 2.910383045673370e-11 9.999334216117859e-01 2.253037261962891e+01 
0.000000000000000e+00 0.000000000000000e+00 0.000000000000000e+00 1.000000000000000e+00 
src volume info
valid = 1  # volume info valid
filename = /home/brunovieira/Tamires_Experiments/Bases_de_Dados/nki_data/A00073600/mri/norm.mgz
volume = 256 256 256
voxelsize = 1.000000000000000e+00 1.000000000000000e+00 1.000000000000000e+00
xras   = -1.000000000000000e+00 0.000000000000000e+00 0.000000000000000e+00
yras   = 0.000000000000000e+00 0.000000000000000e+00 -1.000000000000000e+00
zras   = 0.000000000000000e+00 1.000000000000000e+00 0.000000000000000e+00
cras   = 8.949066162109375e+00 2.408636474609375e+01 -1.408068847656250e+01
dst volume info
valid = 1  # volume info valid
filename = /home/brunovieira/Tamires_Experiments/Bases_de_Dados/nki_data/A00073600/mri/norm.mgz
volume = 256 256 256
voxelsize = 1.000000000000000e+00 1.000000000000000e+00 1.000000000000000e+00
xras   = -1.000000000000000e+00 0.000000000000000e+00 0.000000000000000e+00
yras   = 0.000000000000000e+00 0.000000000000000e+00 -1.000000000000000e+00
zras   = 0.000000000000000e+00 1.000000000000000e+00 0.000000000000000e+00
cras   = 8.949066162109375e+00 2.408636474609375e+01 -1.408068847656250e+01
