# transform file transforms/talairach_with_skull.lta
# created by brunovieira on Sat Feb 19 20:14:00 2022

type      = 0 # LINEAR_VOX_TO_VOX
nxforms   = 1
mean      = 133.0000 137.0000 114.0000
sigma     = 10000.0000
1 4 4
1.081339955329895e+00 -6.684446334838867e-02 -8.571702055633068e-03 -6.179499149322510e+00 
9.150177240371704e-02 1.266062021255493e+00 1.376826316118240e-01 -2.614942932128906e+01 
2.296699211001396e-03 -1.303145587444305e-01 1.058871626853943e+00 3.919209957122803e+00 
0.000000000000000e+00 0.000000000000000e+00 0.000000000000000e+00 1.000000000000000e+00 
src volume info
valid = 1  # volume info valid
filename = nu.mgz
volume = 256 256 256
voxelsize = 1.000000000000000e+00 1.000000000000000e+00 1.000000000000000e+00
xras   = -1.000000000000000e+00 0.000000000000000e+00 0.000000000000000e+00
yras   = 0.000000000000000e+00 0.000000000000000e+00 -1.000000000000000e+00
zras   = 0.000000000000000e+00 1.000000000000000e+00 0.000000000000000e+00
cras   = 8.949066162109375e+00 2.408636474609375e+01 -1.408068847656250e+01
dst volume info
valid = 1  # volume info valid
filename = /home/brunovieira/freesurfer/average/RB_all_withskull_2016-05-10.vc700.gca
volume = 256 256 256
voxelsize = 1.000000000000000e+00 1.000000000000000e+00 1.000000000000000e+00
xras   = -1.000000000000000e+00 0.000000000000000e+00 0.000000000000000e+00
yras   = 0.000000000000000e+00 0.000000000000000e+00 -1.000000000000000e+00
zras   = 0.000000000000000e+00 1.000000000000000e+00 0.000000000000000e+00
cras   = 0.000000000000000e+00 0.000000000000000e+00 0.000000000000000e+00
