# transform file transforms/talairach.lta
# created by brunovieira on Sat Feb 19 20:40:54 2022

type      = 0 # LINEAR_VOX_TO_VOX
nxforms   = 1
mean      = 130.0000 100.0000 113.0000
sigma     = 10000.0000
1 4 4
1.068868041038513e+00 -7.454168051481247e-02 -1.289667747914791e-02 -2.285077571868896e+00 
7.478055357933044e-02 1.219363689422607e+00 3.459553048014641e-02 -9.413559913635254e+00 
1.114423200488091e-02 -4.037075862288475e-02 1.052600383758545e+00 -6.858656883239746e+00 
0.000000000000000e+00 0.000000000000000e+00 0.000000000000000e+00 1.000000000000000e+00 
src volume info
valid = 1  # volume info valid
filename = nu.mgz
volume = 256 256 256
voxelsize = 1.000000000000000e+00 1.000000000000000e+00 1.000000000000000e+00
xras   = -1.000000000000000e+00 0.000000000000000e+00 0.000000000000000e+00
yras   = 0.000000000000000e+00 0.000000000000000e+00 -1.000000000000000e+00
zras   = 0.000000000000000e+00 1.000000000000000e+00 0.000000000000000e+00
cras   = 8.949066162109375e+00 2.408636474609375e+01 -1.408068847656250e+01
dst volume info
valid = 1  # volume info valid
filename = /home/brunovieira/freesurfer/average/RB_all_2016-05-10.vc700.gca
volume = 256 256 256
voxelsize = 1.000000000000000e+00 1.000000000000000e+00 1.000000000000000e+00
xras   = -1.000000000000000e+00 0.000000000000000e+00 0.000000000000000e+00
yras   = 0.000000000000000e+00 0.000000000000000e+00 -1.000000000000000e+00
zras   = 0.000000000000000e+00 1.000000000000000e+00 0.000000000000000e+00
cras   = 0.000000000000000e+00 0.000000000000000e+00 0.000000000000000e+00
