# transform file /home/brunovieira/freesurfer/nki_data/A00008326/mri/transforms/cc_up.lta
# created by brunovieira on Tue Oct 26 02:11:35 2021

type      = 0 # LINEAR_VOX_TO_VOX
nxforms   = 1
mean      = 128.0000 109.0000 103.0000
sigma     = 10000.0000
1 4 4
9.982452392578125e-01 -3.870465978980064e-02 -4.481547325849533e-02 9.075299263000488e+00 
3.866571560502052e-02 9.992507100105286e-01 -1.735868514515460e-03 3.832986831665039e+01 
4.484907910227776e-02 1.164153218269348e-10 9.989938139915466e-01 2.541144752502441e+01 
0.000000000000000e+00 0.000000000000000e+00 0.000000000000000e+00 1.000000000000000e+00 
src volume info
valid = 1  # volume info valid
filename = /home/brunovieira/freesurfer/nki_data/A00008326/mri/norm.mgz
volume = 256 256 256
voxelsize = 1.000000000000000e+00 1.000000000000000e+00 1.000000000000000e+00
xras   = -1.000000000000000e+00 0.000000000000000e+00 0.000000000000000e+00
yras   = 0.000000000000000e+00 0.000000000000000e+00 -1.000000000000000e+00
zras   = 0.000000000000000e+00 1.000000000000000e+00 0.000000000000000e+00
cras   = -5.000000000000000e-01 2.597656250000000e+01 -1.513963317871094e+01
dst volume info
valid = 1  # volume info valid
filename = /home/brunovieira/freesurfer/nki_data/A00008326/mri/norm.mgz
volume = 256 256 256
voxelsize = 1.000000000000000e+00 1.000000000000000e+00 1.000000000000000e+00
xras   = -1.000000000000000e+00 0.000000000000000e+00 0.000000000000000e+00
yras   = 0.000000000000000e+00 0.000000000000000e+00 -1.000000000000000e+00
zras   = 0.000000000000000e+00 1.000000000000000e+00 0.000000000000000e+00
cras   = -5.000000000000000e-01 2.597656250000000e+01 -1.513963317871094e+01
