# transform file transforms/talairach_with_skull.lta
# created by brunovieira on Wed Oct 20 22:00:23 2021

type      = 0 # LINEAR_VOX_TO_VOX
nxforms   = 1
mean      = 127.0000 106.0000 108.0000
sigma     = 10000.0000
1 4 4
1.155312538146973e+00 -6.006739567965269e-03 -2.520449832081795e-02 -2.016340255737305e+01 
-1.053716801106930e-02 1.331625342369080e+00 3.915210664272308e-01 -5.245077133178711e+01 
2.205719798803329e-02 -3.991529345512390e-01 1.258340477943420e+00 1.500471210479736e+01 
0.000000000000000e+00 0.000000000000000e+00 0.000000000000000e+00 1.000000000000000e+00 
src volume info
valid = 1  # volume info valid
filename = nu.mgz
volume = 256 256 256
voxelsize = 1.000000000000000e+00 1.000000000000000e+00 1.000000000000000e+00
xras   = -1.000000000000000e+00 0.000000000000000e+00 0.000000000000000e+00
yras   = 0.000000000000000e+00 0.000000000000000e+00 -1.000000000000000e+00
zras   = 0.000000000000000e+00 1.000000000000000e+00 0.000000000000000e+00
cras   = -5.000000000000000e-01 2.597656250000000e+01 -1.513963317871094e+01
dst volume info
valid = 1  # volume info valid
filename = /home/brunovieira/freesurfer/average/RB_all_withskull_2016-05-10.vc700.gca
volume = 256 256 256
voxelsize = 1.000000000000000e+00 1.000000000000000e+00 1.000000000000000e+00
xras   = -1.000000000000000e+00 0.000000000000000e+00 0.000000000000000e+00
yras   = 0.000000000000000e+00 0.000000000000000e+00 -1.000000000000000e+00
zras   = 0.000000000000000e+00 1.000000000000000e+00 0.000000000000000e+00
cras   = 0.000000000000000e+00 0.000000000000000e+00 0.000000000000000e+00
