# transform file transforms/talairach_with_skull.lta
# created by brunovieira on Sat Feb 19 19:27:52 2022

type      = 0 # LINEAR_VOX_TO_VOX
nxforms   = 1
mean      = 129.0000 137.0000 112.0000
sigma     = 10000.0000
1 4 4
1.073218584060669e+00 -1.002010107040405e-01 -5.422686226665974e-04 -1.039902210235596e+00 
8.047544956207275e-02 1.289994239807129e+00 1.669538617134094e-01 -3.382672882080078e+01 
4.752208478748798e-04 -1.313639581203461e-01 1.057111382484436e+00 1.099050807952881e+01 
0.000000000000000e+00 0.000000000000000e+00 0.000000000000000e+00 1.000000000000000e+00 
src volume info
valid = 1  # volume info valid
filename = nu.mgz
volume = 256 256 256
voxelsize = 1.000000000000000e+00 1.000000000000000e+00 1.000000000000000e+00
xras   = -1.000000119209290e+00 0.000000000000000e+00 0.000000000000000e+00
yras   = 0.000000000000000e+00 0.000000000000000e+00 -1.000000000000000e+00
zras   = 0.000000000000000e+00 1.000000000000000e+00 0.000000000000000e+00
cras   = 2.970687866210938e+00 2.499998474121094e+01 -1.000000000000000e+01
dst volume info
valid = 1  # volume info valid
filename = /home/brunovieira/freesurfer/average/RB_all_withskull_2016-05-10.vc700.gca
volume = 256 256 256
voxelsize = 1.000000000000000e+00 1.000000000000000e+00 1.000000000000000e+00
xras   = -1.000000000000000e+00 0.000000000000000e+00 0.000000000000000e+00
yras   = 0.000000000000000e+00 0.000000000000000e+00 -1.000000000000000e+00
zras   = 0.000000000000000e+00 1.000000000000000e+00 0.000000000000000e+00
cras   = 0.000000000000000e+00 0.000000000000000e+00 0.000000000000000e+00
