# transform file transforms/talairach.lta
# created by brunovieira on Sat Feb 19 22:20:01 2022

type      = 0 # LINEAR_VOX_TO_VOX
nxforms   = 1
mean      = 132.0000 109.0000 118.0000
sigma     = 10000.0000
1 4 4
1.120850205421448e+00 7.012086361646652e-02 -6.977638602256775e-02 -2.066592025756836e+01 
-7.153192907571793e-02 1.097218513488770e+00 2.077136002480984e-02 1.242346572875977e+01 
7.833858579397202e-02 -1.416415069252253e-02 1.049412131309509e+00 -2.065700721740723e+01 
0.000000000000000e+00 0.000000000000000e+00 0.000000000000000e+00 1.000000000000000e+00 
src volume info
valid = 1  # volume info valid
filename = nu.mgz
volume = 256 256 256
voxelsize = 1.000000000000000e+00 1.000000000000000e+00 1.000000000000000e+00
xras   = -1.000000119209290e+00 0.000000000000000e+00 0.000000000000000e+00
yras   = 0.000000000000000e+00 0.000000000000000e+00 -1.000000000000000e+00
zras   = 0.000000000000000e+00 1.000000000000000e+00 0.000000000000000e+00
cras   = 4.912719726562500e-01 2.499998474121094e+01 0.000000000000000e+00
dst volume info
valid = 1  # volume info valid
filename = /home/brunovieira/freesurfer/average/RB_all_2016-05-10.vc700.gca
volume = 256 256 256
voxelsize = 1.000000000000000e+00 1.000000000000000e+00 1.000000000000000e+00
xras   = -1.000000000000000e+00 0.000000000000000e+00 0.000000000000000e+00
yras   = 0.000000000000000e+00 0.000000000000000e+00 -1.000000000000000e+00
zras   = 0.000000000000000e+00 1.000000000000000e+00 0.000000000000000e+00
cras   = 0.000000000000000e+00 0.000000000000000e+00 0.000000000000000e+00
