# transform file /home/brunovieira/Tamires_Experiments/Bases_de_Dados/nki_data/A00073611/mri/transforms/cc_up.lta
# created by brunovieira on Sat Feb 19 23:48:06 2022

type      = 0 # LINEAR_VOX_TO_VOX
nxforms   = 1
mean      = 131.0000 106.0000 105.0000
sigma     = 10000.0000
1 4 4
9.995732307434082e-01 -1.964957639575005e-02 2.161654084920883e-02 -2.335293292999268e+00 
1.964498497545719e-02 9.998069405555725e-01 4.248379264026880e-04 4.740375900268555e+01 
-2.162071503698826e-02 0.000000000000000e+00 9.997662305831909e-01 4.185310745239258e+01 
0.000000000000000e+00 0.000000000000000e+00 0.000000000000000e+00 1.000000000000000e+00 
src volume info
valid = 1  # volume info valid
filename = /home/brunovieira/Tamires_Experiments/Bases_de_Dados/nki_data/A00073611/mri/norm.mgz
volume = 256 256 256
voxelsize = 1.000000000000000e+00 1.000000000000000e+00 1.000000000000000e+00
xras   = -1.000000119209290e+00 0.000000000000000e+00 0.000000000000000e+00
yras   = 0.000000000000000e+00 0.000000000000000e+00 -1.000000000000000e+00
zras   = 0.000000000000000e+00 1.000000000000000e+00 0.000000000000000e+00
cras   = 4.210388183593750e+00 2.499998474121094e+01 -1.673607635498047e+01
dst volume info
valid = 1  # volume info valid
filename = /home/brunovieira/Tamires_Experiments/Bases_de_Dados/nki_data/A00073611/mri/norm.mgz
volume = 256 256 256
voxelsize = 1.000000000000000e+00 1.000000000000000e+00 1.000000000000000e+00
xras   = -1.000000119209290e+00 0.000000000000000e+00 0.000000000000000e+00
yras   = 0.000000000000000e+00 0.000000000000000e+00 -1.000000000000000e+00
zras   = 0.000000000000000e+00 1.000000000000000e+00 0.000000000000000e+00
cras   = 4.210388183593750e+00 2.499998474121094e+01 -1.673607635498047e+01
