# transform file transforms/talairach.lta
# created by brunovieira on Sat Feb 19 20:41:40 2022

type      = 0 # LINEAR_VOX_TO_VOX
nxforms   = 1
mean      = 131.0000 106.0000 104.0000
sigma     = 10000.0000
1 4 4
1.070744395256042e+00 -4.559478536248207e-02 3.210840374231339e-02 -1.401939010620117e+01 
3.081321902573109e-02 1.066060423851013e+00 2.998417615890503e-01 -1.802768516540527e+01 
-3.634657338261604e-02 -3.865299522876740e-01 1.031905293464661e+00 4.910647583007812e+01 
0.000000000000000e+00 0.000000000000000e+00 0.000000000000000e+00 1.000000000000000e+00 
src volume info
valid = 1  # volume info valid
filename = nu.mgz
volume = 256 256 256
voxelsize = 1.000000000000000e+00 1.000000000000000e+00 1.000000000000000e+00
xras   = -1.000000119209290e+00 0.000000000000000e+00 0.000000000000000e+00
yras   = 0.000000000000000e+00 0.000000000000000e+00 -1.000000000000000e+00
zras   = 0.000000000000000e+00 1.000000000000000e+00 0.000000000000000e+00
cras   = 4.210388183593750e+00 2.499998474121094e+01 -1.673607635498047e+01
dst volume info
valid = 1  # volume info valid
filename = /home/brunovieira/freesurfer/average/RB_all_2016-05-10.vc700.gca
volume = 256 256 256
voxelsize = 1.000000000000000e+00 1.000000000000000e+00 1.000000000000000e+00
xras   = -1.000000000000000e+00 0.000000000000000e+00 0.000000000000000e+00
yras   = 0.000000000000000e+00 0.000000000000000e+00 -1.000000000000000e+00
zras   = 0.000000000000000e+00 1.000000000000000e+00 0.000000000000000e+00
cras   = 0.000000000000000e+00 0.000000000000000e+00 0.000000000000000e+00
