# transform file /home/brunovieira/Tamires_Experiments/Bases_de_Dados/nki_data/A00073525/mri/transforms/cc_up.lta
# created by brunovieira on Sun Feb 20 00:30:24 2022

type      = 0 # LINEAR_VOX_TO_VOX
nxforms   = 1
mean      = 132.0000 104.0000 115.0000
sigma     = 10000.0000
1 4 4
9.919785261154175e-01 -1.148000806570053e-01 5.291395634412766e-02 2.667206287384033e+00 
1.146371066570282e-01 9.933887720108032e-01 6.114953197538853e-03 2.895698165893555e+01 
-5.326611921191216e-02 4.656613983300417e-10 9.985805153846741e-01 4.011272811889648e+01 
0.000000000000000e+00 0.000000000000000e+00 0.000000000000000e+00 1.000000000000000e+00 
src volume info
valid = 1  # volume info valid
filename = /home/brunovieira/Tamires_Experiments/Bases_de_Dados/nki_data/A00073525/mri/norm.mgz
volume = 256 256 256
voxelsize = 1.000000000000000e+00 1.000000000000000e+00 1.000000000000000e+00
xras   = -1.000000119209290e+00 0.000000000000000e+00 0.000000000000000e+00
yras   = 0.000000000000000e+00 0.000000000000000e+00 -1.000000000000000e+00
zras   = 0.000000000000000e+00 1.000000000000000e+00 0.000000000000000e+00
cras   = 4.830253601074219e+00 2.499998474121094e+01 -1.177723693847656e+01
dst volume info
valid = 1  # volume info valid
filename = /home/brunovieira/Tamires_Experiments/Bases_de_Dados/nki_data/A00073525/mri/norm.mgz
volume = 256 256 256
voxelsize = 1.000000000000000e+00 1.000000000000000e+00 1.000000000000000e+00
xras   = -1.000000119209290e+00 0.000000000000000e+00 0.000000000000000e+00
yras   = 0.000000000000000e+00 0.000000000000000e+00 -1.000000000000000e+00
zras   = 0.000000000000000e+00 1.000000000000000e+00 0.000000000000000e+00
cras   = 4.830253601074219e+00 2.499998474121094e+01 -1.177723693847656e+01
