# transform file transforms/talairach.lta
# created by brunovieira on Sat Feb 19 20:10:58 2022

type      = 0 # LINEAR_VOX_TO_VOX
nxforms   = 1
mean      = 132.0000 104.0000 115.0000
sigma     = 10000.0000
1 4 4
1.064739227294922e+00 -1.197008118033409e-01 1.531809195876122e-02 -3.925769329071045e+00 
8.322501927614212e-02 1.091115236282349e+00 2.041074782609940e-01 -2.000195121765137e+01 
-3.455819562077522e-02 -2.342283427715302e-01 9.651338458061218e-01 2.972962188720703e+01 
0.000000000000000e+00 0.000000000000000e+00 0.000000000000000e+00 1.000000000000000e+00 
src volume info
valid = 1  # volume info valid
filename = nu.mgz
volume = 256 256 256
voxelsize = 1.000000000000000e+00 1.000000000000000e+00 1.000000000000000e+00
xras   = -1.000000119209290e+00 0.000000000000000e+00 0.000000000000000e+00
yras   = 0.000000000000000e+00 0.000000000000000e+00 -1.000000000000000e+00
zras   = 0.000000000000000e+00 1.000000000000000e+00 0.000000000000000e+00
cras   = 4.830253601074219e+00 2.499998474121094e+01 -1.177723693847656e+01
dst volume info
valid = 1  # volume info valid
filename = /home/brunovieira/freesurfer/average/RB_all_2016-05-10.vc700.gca
volume = 256 256 256
voxelsize = 1.000000000000000e+00 1.000000000000000e+00 1.000000000000000e+00
xras   = -1.000000000000000e+00 0.000000000000000e+00 0.000000000000000e+00
yras   = 0.000000000000000e+00 0.000000000000000e+00 -1.000000000000000e+00
zras   = 0.000000000000000e+00 1.000000000000000e+00 0.000000000000000e+00
cras   = 0.000000000000000e+00 0.000000000000000e+00 0.000000000000000e+00
