# transform file /home/brunovieira/Tamires_Experiments/Bases_de_Dados/nki_data/A00073296/mri/transforms/cc_up.lta
# created by brunovieira on Sun Feb 20 00:02:15 2022

type      = 0 # LINEAR_VOX_TO_VOX
nxforms   = 1
mean      = 131.0000 97.0000 115.0000
sigma     = 10000.0000
1 4 4
9.958187341690063e-01 5.354125425219536e-02 7.401750236749649e-02 -1.494783496856689e+01 
-5.339396372437477e-02 9.985657930374146e-01 -3.968681674450636e-03 6.656548309326172e+01 
-7.412382215261459e-02 -4.656613428188905e-10 9.972491264343262e-01 4.611156845092773e+01 
0.000000000000000e+00 0.000000000000000e+00 0.000000000000000e+00 1.000000000000000e+00 
src volume info
valid = 1  # volume info valid
filename = /home/brunovieira/Tamires_Experiments/Bases_de_Dados/nki_data/A00073296/mri/norm.mgz
volume = 256 256 256
voxelsize = 1.000000000000000e+00 1.000000000000000e+00 1.000000000000000e+00
xras   = -1.000000119209290e+00 0.000000000000000e+00 0.000000000000000e+00
yras   = 0.000000000000000e+00 0.000000000000000e+00 -1.000000000000000e+00
zras   = 0.000000000000000e+00 1.000000000000000e+00 0.000000000000000e+00
cras   = 4.912719726562500e-01 2.499998474121094e+01 0.000000000000000e+00
dst volume info
valid = 1  # volume info valid
filename = /home/brunovieira/Tamires_Experiments/Bases_de_Dados/nki_data/A00073296/mri/norm.mgz
volume = 256 256 256
voxelsize = 1.000000000000000e+00 1.000000000000000e+00 1.000000000000000e+00
xras   = -1.000000119209290e+00 0.000000000000000e+00 0.000000000000000e+00
yras   = 0.000000000000000e+00 0.000000000000000e+00 -1.000000000000000e+00
zras   = 0.000000000000000e+00 1.000000000000000e+00 0.000000000000000e+00
cras   = 4.912719726562500e-01 2.499998474121094e+01 0.000000000000000e+00
