# transform file transforms/talairach.lta
# created by brunovieira on Sat Feb 19 19:54:30 2022

type      = 0 # LINEAR_VOX_TO_VOX
nxforms   = 1
mean      = 131.0000 97.0000 114.0000
sigma     = 10000.0000
1 4 4
1.064225792884827e+00 4.854197427630424e-02 1.002068445086479e-01 -2.909383392333984e+01 
-7.372630387544632e-02 1.078181028366089e+00 8.195096999406815e-02 2.163101768493652e+01 
-1.154153123497963e-01 -1.449670642614365e-01 1.037759423255920e+00 2.246762657165527e+01 
0.000000000000000e+00 0.000000000000000e+00 0.000000000000000e+00 1.000000000000000e+00 
src volume info
valid = 1  # volume info valid
filename = nu.mgz
volume = 256 256 256
voxelsize = 1.000000000000000e+00 1.000000000000000e+00 1.000000000000000e+00
xras   = -1.000000119209290e+00 0.000000000000000e+00 0.000000000000000e+00
yras   = 0.000000000000000e+00 0.000000000000000e+00 -1.000000000000000e+00
zras   = 0.000000000000000e+00 1.000000000000000e+00 0.000000000000000e+00
cras   = 4.912719726562500e-01 2.499998474121094e+01 0.000000000000000e+00
dst volume info
valid = 1  # volume info valid
filename = /home/brunovieira/freesurfer/average/RB_all_2016-05-10.vc700.gca
volume = 256 256 256
voxelsize = 1.000000000000000e+00 1.000000000000000e+00 1.000000000000000e+00
xras   = -1.000000000000000e+00 0.000000000000000e+00 0.000000000000000e+00
yras   = 0.000000000000000e+00 0.000000000000000e+00 -1.000000000000000e+00
zras   = 0.000000000000000e+00 1.000000000000000e+00 0.000000000000000e+00
cras   = 0.000000000000000e+00 0.000000000000000e+00 0.000000000000000e+00
