# transform file transforms/talairach.lta
# created by brunovieira on Sat Feb 19 20:00:20 2022

type      = 0 # LINEAR_VOX_TO_VOX
nxforms   = 1
mean      = 132.0000 101.0000 109.0000
sigma     = 10000.0000
1 4 4
9.845264554023743e-01 -1.097467727959156e-02 2.271036431193352e-02 -3.148004055023193e+00 
1.090283971279860e-02 1.092302322387695e+00 2.017505913972855e-01 -7.793564796447754e+00 
-2.472899295389652e-02 -1.801404505968094e-01 1.034131884574890e+00 2.128187370300293e+01 
0.000000000000000e+00 0.000000000000000e+00 0.000000000000000e+00 1.000000000000000e+00 
src volume info
valid = 1  # volume info valid
filename = nu.mgz
volume = 256 256 256
voxelsize = 1.000000000000000e+00 1.000000000000000e+00 1.000000000000000e+00
xras   = -1.000000119209290e+00 0.000000000000000e+00 0.000000000000000e+00
yras   = 0.000000000000000e+00 0.000000000000000e+00 -1.000000000000000e+00
zras   = 0.000000000000000e+00 1.000000000000000e+00 0.000000000000000e+00
cras   = 4.830253601074219e+00 2.499998474121094e+01 -1.301694488525391e+01
dst volume info
valid = 1  # volume info valid
filename = /home/brunovieira/freesurfer/average/RB_all_2016-05-10.vc700.gca
volume = 256 256 256
voxelsize = 1.000000000000000e+00 1.000000000000000e+00 1.000000000000000e+00
xras   = -1.000000000000000e+00 0.000000000000000e+00 0.000000000000000e+00
yras   = 0.000000000000000e+00 0.000000000000000e+00 -1.000000000000000e+00
zras   = 0.000000000000000e+00 1.000000000000000e+00 0.000000000000000e+00
cras   = 0.000000000000000e+00 0.000000000000000e+00 0.000000000000000e+00
