# transform file /home/brunovieira/Tamires_Experiments/Bases_de_Dados/nki_data/A00073545/mri/transforms/cc_up.lta
# created by brunovieira on Sat Feb 19 23:50:10 2022

type      = 0 # LINEAR_VOX_TO_VOX
nxforms   = 1
mean      = 126.0000 96.0000 125.0000
sigma     = 10000.0000
1 4 4
9.971725940704346e-01 6.246276898309588e-04 7.514263689517975e-02 -5.828211784362793e+00 
-6.228617276065052e-04 9.999997615814209e-01 -4.693618029705249e-05 4.808357620239258e+01 
-7.514265179634094e-02 0.000000000000000e+00 9.971728324890137e-01 1.072087955474854e+01 
0.000000000000000e+00 0.000000000000000e+00 0.000000000000000e+00 1.000000000000000e+00 
src volume info
valid = 1  # volume info valid
filename = /home/brunovieira/Tamires_Experiments/Bases_de_Dados/nki_data/A00073545/mri/norm.mgz
volume = 256 256 256
voxelsize = 1.000000000000000e+00 1.000000000000000e+00 1.000000000000000e+00
xras   = -1.000000000000000e+00 0.000000000000000e+00 0.000000000000000e+00
yras   = 0.000000000000000e+00 0.000000000000000e+00 -1.000000000000000e+00
zras   = 0.000000000000000e+00 1.000000000000000e+00 0.000000000000000e+00
cras   = 3.219123840332031e+00 2.597656250000000e+01 -1.266023254394531e+01
dst volume info
valid = 1  # volume info valid
filename = /home/brunovieira/Tamires_Experiments/Bases_de_Dados/nki_data/A00073545/mri/norm.mgz
volume = 256 256 256
voxelsize = 1.000000000000000e+00 1.000000000000000e+00 1.000000000000000e+00
xras   = -1.000000000000000e+00 0.000000000000000e+00 0.000000000000000e+00
yras   = 0.000000000000000e+00 0.000000000000000e+00 -1.000000000000000e+00
zras   = 0.000000000000000e+00 1.000000000000000e+00 0.000000000000000e+00
cras   = 3.219123840332031e+00 2.597656250000000e+01 -1.266023254394531e+01
