# transform file transforms/talairach_with_skull.lta
# created by brunovieira on Sat Feb 19 19:54:35 2022

type      = 0 # LINEAR_VOX_TO_VOX
nxforms   = 1
mean      = 126.0000 90.0000 122.0000
sigma     = 10000.0000
1 4 4
1.211846590042114e+00 -8.989624679088593e-03 8.834524452686310e-02 -3.611571884155273e+01 
3.254374861717224e-02 1.330484509468079e+00 -2.187175862491131e-02 -6.917428970336914e+00 
-1.008238047361374e-01 2.068104036152363e-02 1.230502963066101e+00 -3.172084808349609e+01 
0.000000000000000e+00 0.000000000000000e+00 0.000000000000000e+00 1.000000000000000e+00 
src volume info
valid = 1  # volume info valid
filename = nu.mgz
volume = 256 256 256
voxelsize = 1.000000000000000e+00 1.000000000000000e+00 1.000000000000000e+00
xras   = -1.000000000000000e+00 0.000000000000000e+00 0.000000000000000e+00
yras   = 0.000000000000000e+00 0.000000000000000e+00 -1.000000000000000e+00
zras   = 0.000000000000000e+00 1.000000000000000e+00 0.000000000000000e+00
cras   = 3.219123840332031e+00 2.597656250000000e+01 -1.266023254394531e+01
dst volume info
valid = 1  # volume info valid
filename = /home/brunovieira/freesurfer/average/RB_all_withskull_2016-05-10.vc700.gca
volume = 256 256 256
voxelsize = 1.000000000000000e+00 1.000000000000000e+00 1.000000000000000e+00
xras   = -1.000000000000000e+00 0.000000000000000e+00 0.000000000000000e+00
yras   = 0.000000000000000e+00 0.000000000000000e+00 -1.000000000000000e+00
zras   = 0.000000000000000e+00 1.000000000000000e+00 0.000000000000000e+00
cras   = 0.000000000000000e+00 0.000000000000000e+00 0.000000000000000e+00
