# transform file transforms/talairach.lta
# created by brunovieira on Sat Feb 19 20:11:11 2022

type      = 0 # LINEAR_VOX_TO_VOX
nxforms   = 1
mean      = 126.0000 96.0000 125.0000
sigma     = 10000.0000
1 4 4
1.081934094429016e+00 -1.940361410379410e-02 8.935246616601944e-02 -1.858251571655273e+01 
1.518923323601484e-02 1.134585857391357e+00 -2.349058166146278e-03 8.867960929870605e+00 
-1.159816607832909e-01 -1.733697205781937e-02 1.010703563690186e+00 1.260309219360352e+00 
0.000000000000000e+00 0.000000000000000e+00 0.000000000000000e+00 1.000000000000000e+00 
src volume info
valid = 1  # volume info valid
filename = nu.mgz
volume = 256 256 256
voxelsize = 1.000000000000000e+00 1.000000000000000e+00 1.000000000000000e+00
xras   = -1.000000000000000e+00 0.000000000000000e+00 0.000000000000000e+00
yras   = 0.000000000000000e+00 0.000000000000000e+00 -1.000000000000000e+00
zras   = 0.000000000000000e+00 1.000000000000000e+00 0.000000000000000e+00
cras   = 3.219123840332031e+00 2.597656250000000e+01 -1.266023254394531e+01
dst volume info
valid = 1  # volume info valid
filename = /home/brunovieira/freesurfer/average/RB_all_2016-05-10.vc700.gca
volume = 256 256 256
voxelsize = 1.000000000000000e+00 1.000000000000000e+00 1.000000000000000e+00
xras   = -1.000000000000000e+00 0.000000000000000e+00 0.000000000000000e+00
yras   = 0.000000000000000e+00 0.000000000000000e+00 -1.000000000000000e+00
zras   = 0.000000000000000e+00 1.000000000000000e+00 0.000000000000000e+00
cras   = 0.000000000000000e+00 0.000000000000000e+00 0.000000000000000e+00
