# transform file /home/brunovieira/Tamires_Experiments/Bases_de_Dados/nki_data/A00074000/mri/transforms/cc_up.lta
# created by brunovieira on Sun Feb 20 02:32:54 2022

type      = 0 # LINEAR_VOX_TO_VOX
nxforms   = 1
mean      = 129.0000 103.0000 122.0000
sigma     = 10000.0000
1 4 4
9.973648786544800e-01 6.597764045000076e-02 -3.017391078174114e-02 -3.358221530914307e+00 
-6.594746559858322e-02 9.978211522102356e-01 1.995150465518236e-03 5.951748275756836e+01 
3.023979999125004e-02 0.000000000000000e+00 9.995427727699280e-01 1.212004566192627e+01 
0.000000000000000e+00 0.000000000000000e+00 0.000000000000000e+00 1.000000000000000e+00 
src volume info
valid = 1  # volume info valid
filename = /home/brunovieira/Tamires_Experiments/Bases_de_Dados/nki_data/A00074000/mri/norm.mgz
volume = 256 256 256
voxelsize = 1.000000000000000e+00 1.000000000000000e+00 1.000000000000000e+00
xras   = -1.000000119209290e+00 0.000000000000000e+00 0.000000000000000e+00
yras   = 0.000000000000000e+00 0.000000000000000e+00 -1.000000000000000e+00
zras   = 0.000000000000000e+00 1.000000000000000e+00 0.000000000000000e+00
cras   = 4.912719726562500e-01 2.499998474121094e+01 0.000000000000000e+00
dst volume info
valid = 1  # volume info valid
filename = /home/brunovieira/Tamires_Experiments/Bases_de_Dados/nki_data/A00074000/mri/norm.mgz
volume = 256 256 256
voxelsize = 1.000000000000000e+00 1.000000000000000e+00 1.000000000000000e+00
xras   = -1.000000119209290e+00 0.000000000000000e+00 0.000000000000000e+00
yras   = 0.000000000000000e+00 0.000000000000000e+00 -1.000000000000000e+00
zras   = 0.000000000000000e+00 1.000000000000000e+00 0.000000000000000e+00
cras   = 4.912719726562500e-01 2.499998474121094e+01 0.000000000000000e+00
