# transform file /home/brunovieira/Tamires_Experiments/Bases_de_Dados/nki_data/A00074034/mri/transforms/cc_up.lta
# created by brunovieira on Sun Feb 20 02:45:25 2022

type      = 0 # LINEAR_VOX_TO_VOX
nxforms   = 1
mean      = 127.0000 102.0000 129.0000
sigma     = 10000.0000
1 4 4
9.941652417182922e-01 -8.857903070747852e-03 -1.075028479099274e-01 1.697658920288086e+01 
8.806565776467323e-03 9.999607205390930e-01 -9.522872860543430e-04 4.100429153442383e+01 
1.075070649385452e-01 0.000000000000000e+00 9.942042827606201e-01 -1.193670368194580e+01 
0.000000000000000e+00 0.000000000000000e+00 0.000000000000000e+00 1.000000000000000e+00 
src volume info
valid = 1  # volume info valid
filename = /home/brunovieira/Tamires_Experiments/Bases_de_Dados/nki_data/A00074034/mri/norm.mgz
volume = 256 256 256
voxelsize = 1.000000000000000e+00 1.000000000000000e+00 1.000000000000000e+00
xras   = -1.000000000000000e+00 0.000000000000000e+00 0.000000000000000e+00
yras   = 0.000000000000000e+00 0.000000000000000e+00 -1.000000000000000e+00
zras   = 0.000000000000000e+00 1.000000000000000e+00 0.000000000000000e+00
cras   = -5.000000000000000e-01 2.597656250000000e+01 1.597657775878906e+01
dst volume info
valid = 1  # volume info valid
filename = /home/brunovieira/Tamires_Experiments/Bases_de_Dados/nki_data/A00074034/mri/norm.mgz
volume = 256 256 256
voxelsize = 1.000000000000000e+00 1.000000000000000e+00 1.000000000000000e+00
xras   = -1.000000000000000e+00 0.000000000000000e+00 0.000000000000000e+00
yras   = 0.000000000000000e+00 0.000000000000000e+00 -1.000000000000000e+00
zras   = 0.000000000000000e+00 1.000000000000000e+00 0.000000000000000e+00
cras   = -5.000000000000000e-01 2.597656250000000e+01 1.597657775878906e+01
