# transform file transforms/talairach_with_skull.lta
# created by brunovieira on Sat Feb 19 22:58:40 2022

type      = 0 # LINEAR_VOX_TO_VOX
nxforms   = 1
mean      = 126.0000 107.0000 128.0000
sigma     = 10000.0000
1 4 4
1.119143843650818e+00 -3.385417629033327e-03 -1.223341003060341e-01 -4.482046961784363e-01 
-2.417186088860035e-02 1.195761799812317e+00 -2.891745567321777e-01 3.317972183227539e+01 
1.117167919874191e-01 2.472368776798248e-01 1.033334732055664e+00 -6.430743408203125e+01 
0.000000000000000e+00 0.000000000000000e+00 0.000000000000000e+00 1.000000000000000e+00 
src volume info
valid = 1  # volume info valid
filename = nu.mgz
volume = 256 256 256
voxelsize = 1.000000000000000e+00 1.000000000000000e+00 1.000000000000000e+00
xras   = -1.000000000000000e+00 0.000000000000000e+00 0.000000000000000e+00
yras   = 0.000000000000000e+00 0.000000000000000e+00 -1.000000000000000e+00
zras   = 0.000000000000000e+00 1.000000000000000e+00 0.000000000000000e+00
cras   = -5.000000000000000e-01 2.597656250000000e+01 1.597657775878906e+01
dst volume info
valid = 1  # volume info valid
filename = /home/brunovieira/freesurfer/average/RB_all_withskull_2016-05-10.vc700.gca
volume = 256 256 256
voxelsize = 1.000000000000000e+00 1.000000000000000e+00 1.000000000000000e+00
xras   = -1.000000000000000e+00 0.000000000000000e+00 0.000000000000000e+00
yras   = 0.000000000000000e+00 0.000000000000000e+00 -1.000000000000000e+00
zras   = 0.000000000000000e+00 1.000000000000000e+00 0.000000000000000e+00
cras   = 0.000000000000000e+00 0.000000000000000e+00 0.000000000000000e+00
