# transform file /home/brunovieira/Tamires_Experiments/Bases_de_Dados/nki_data/A00073677/mri/transforms/cc_up.lta
# created by brunovieira on Sun Feb 20 01:09:28 2022

type      = 0 # LINEAR_VOX_TO_VOX
nxforms   = 1
mean      = 127.0000 99.0000 119.0000
sigma     = 10000.0000
1 4 4
9.991148710250854e-01 -4.060943797230721e-02 1.097950804978609e-02 6.054671764373779e+00 
4.060698673129082e-02 9.991751909255981e-01 4.462397482711822e-04 5.294535446166992e+01 
-1.098857261240482e-02 0.000000000000000e+00 9.999396800994873e-01 1.537657737731934e+01 
0.000000000000000e+00 0.000000000000000e+00 0.000000000000000e+00 1.000000000000000e+00 
src volume info
valid = 1  # volume info valid
filename = /home/brunovieira/Tamires_Experiments/Bases_de_Dados/nki_data/A00073677/mri/norm.mgz
volume = 256 256 256
voxelsize = 1.000000000000000e+00 1.000000000000000e+00 1.000000000000000e+00
xras   = -1.000000119209290e+00 0.000000000000000e+00 0.000000000000000e+00
yras   = 0.000000000000000e+00 0.000000000000000e+00 -1.000000000000000e+00
zras   = 0.000000000000000e+00 1.000000000000000e+00 0.000000000000000e+00
cras   = 4.912719726562500e-01 2.499998474121094e+01 -5.000015258789062e+00
dst volume info
valid = 1  # volume info valid
filename = /home/brunovieira/Tamires_Experiments/Bases_de_Dados/nki_data/A00073677/mri/norm.mgz
volume = 256 256 256
voxelsize = 1.000000000000000e+00 1.000000000000000e+00 1.000000000000000e+00
xras   = -1.000000119209290e+00 0.000000000000000e+00 0.000000000000000e+00
yras   = 0.000000000000000e+00 0.000000000000000e+00 -1.000000000000000e+00
zras   = 0.000000000000000e+00 1.000000000000000e+00 0.000000000000000e+00
cras   = 4.912719726562500e-01 2.499998474121094e+01 -5.000015258789062e+00
