# transform file transforms/talairach_with_skull.lta
# created by brunovieira on Sat Feb 19 21:23:13 2022

type      = 0 # LINEAR_VOX_TO_VOX
nxforms   = 1
mean      = 129.0000 135.0000 110.0000
sigma     = 10000.0000
1 4 4
1.180276393890381e+00 -1.333229243755341e-01 -1.014686562120914e-02 -1.048337841033936e+01 
6.451350450515747e-02 1.209481000900269e+00 2.918753325939178e-01 -3.122373580932617e+01 
-1.764612272381783e-02 -2.529111504554749e-01 1.184321880340576e+00 -1.732954382896423e+00 
0.000000000000000e+00 0.000000000000000e+00 0.000000000000000e+00 1.000000000000000e+00 
src volume info
valid = 1  # volume info valid
filename = nu.mgz
volume = 256 256 256
voxelsize = 1.000000000000000e+00 1.000000000000000e+00 1.000000000000000e+00
xras   = -1.000000119209290e+00 0.000000000000000e+00 0.000000000000000e+00
yras   = 0.000000000000000e+00 0.000000000000000e+00 -1.000000000000000e+00
zras   = 0.000000000000000e+00 1.000000000000000e+00 0.000000000000000e+00
cras   = 4.912719726562500e-01 2.499998474121094e+01 -5.000015258789062e+00
dst volume info
valid = 1  # volume info valid
filename = /home/brunovieira/freesurfer/average/RB_all_withskull_2016-05-10.vc700.gca
volume = 256 256 256
voxelsize = 1.000000000000000e+00 1.000000000000000e+00 1.000000000000000e+00
xras   = -1.000000000000000e+00 0.000000000000000e+00 0.000000000000000e+00
yras   = 0.000000000000000e+00 0.000000000000000e+00 -1.000000000000000e+00
zras   = 0.000000000000000e+00 1.000000000000000e+00 0.000000000000000e+00
cras   = 0.000000000000000e+00 0.000000000000000e+00 0.000000000000000e+00
